ValorSenoide[nPontos] = {
1.000000,
1.097968,
1.194993,
1.290142,
1.382499,
1.471177,
1.555322,
1.634124,
1.706825,
1.772726,
1.831193,
1.881663,
1.923651,
1.956752,
1.980649,
1.995111,
2.000000,
1.995267,
1.980960,
1.957214,
1.924260,
1.882414,
1.832077,
1.773736,
1.707951,
1.635355,
1.556646,
1.472581,
1.383970,
1.291666,
1.196555,
1.099553,
1.001593,
0.903618,
0.806570,
0.711383,
0.618973,
0.530228,
0.446003,
0.367108,
0.294302,
0.228286,
0.169694,
0.119090,
0.076961,
0.043712,
0.019664,
0.005047,
0.000003,
0.004579,
0.018732,
0.042326,
0.075133,
0.116838,
0.167040,
0.225256,
0.290925,
0.363416,
0.442032,
0.526016,
0.614559,
0.706811,
0.801884,
0.898863
};